16 0.34765625 0.35833333333333334 0.0625 0.06666666666666667
16 0.28125 0.6416666666666667 0.0625 0.06666666666666667
16 0.4140625 0.6416666666666667 0.0625 0.06666666666666667
19 0.21484375 0.6416666666666667 0.0625 0.06666666666666667
19 0.34765625 0.6416666666666667 0.0625 0.06666666666666667
19 0.48046875 0.6416666666666667 0.0625 0.06666666666666667
9 0.74609375 0.7833333333333333 0.0625 0.06666666666666667
10 0.8125 0.7833333333333333 0.0625 0.06666666666666667
11 0.74609375 0.8541666666666666 0.0625 0.06666666666666667
12 0.8125 0.8541666666666666 0.0625 0.06666666666666667
8 0.08203125 0.925 0.0625 0.06666666666666667
8 0.1484375 0.925 0.0625 0.06666666666666667
8 0.21484375 0.925 0.0625 0.06666666666666667
8 0.28125 0.925 0.0625 0.06666666666666667
8 0.34765625 0.925 0.0625 0.06666666666666667
8 0.4140625 0.925 0.0625 0.06666666666666667
8 0.48046875 0.925 0.0625 0.06666666666666667
8 0.546875 0.925 0.0625 0.06666666666666667
8 0.61328125 0.925 0.0625 0.06666666666666667
8 0.6796875 0.925 0.0625 0.06666666666666667
8 0.74609375 0.925 0.0625 0.06666666666666667
8 0.8125 0.925 0.0625 0.06666666666666667
8 0.87890625 0.925 0.0625 0.06666666666666667
8 0.9453125 0.925 0.0625 0.06666666666666667
0 0.2421875 0.8666666666666667 0.0625 0.06666666666666667
