19 0.81640625 0.35833333333333334 0.0625 0.06666666666666667
19 0.8828125 0.35833333333333334 0.0625 0.06666666666666667
19 0.94921875 0.35833333333333334 0.0625 0.06666666666666667
19 0.6171875 0.6416666666666667 0.0625 0.06666666666666667
19 0.75 0.6416666666666667 0.0625 0.06666666666666667
16 0.68359375 0.6416666666666667 0.0625 0.06666666666666667
8 0.21875 0.925 0.0625 0.06666666666666667
8 0.28515625 0.925 0.0625 0.06666666666666667
8 0.3515625 0.925 0.0625 0.06666666666666667
8 0.41796875 0.925 0.0625 0.06666666666666667
8 0.484375 0.925 0.0625 0.06666666666666667
8 0.55078125 0.925 0.0625 0.06666666666666667
8 0.6171875 0.925 0.0625 0.06666666666666667
8 0.68359375 0.925 0.0625 0.06666666666666667
8 0.75 0.925 0.0625 0.06666666666666667
8 0.81640625 0.925 0.0625 0.06666666666666667
8 0.8828125 0.925 0.0625 0.06666666666666667
8 0.94921875 0.925 0.0625 0.06666666666666667
0 0.453125 0.8666666666666667 0.0625 0.06666666666666667
3 0.69921875 0.6 0.075 0.08
3 0.84765625 0.3333333333333333 0.075 0.08
