19 0.33203125 0.6416666666666667 0.0625 0.06666666666666667
19 0.3984375 0.6416666666666667 0.0625 0.06666666666666667
19 0.53125 0.6416666666666667 0.0625 0.06666666666666667
16 0.46484375 0.6416666666666667 0.0625 0.06666666666666667
10 0.06640625 0.7833333333333333 0.0625 0.06666666666666667
12 0.06640625 0.8541666666666666 0.0625 0.06666666666666667
8 0.06640625 0.925 0.0625 0.06666666666666667
8 0.1328125 0.925 0.0625 0.06666666666666667
8 0.19921875 0.925 0.0625 0.06666666666666667
8 0.265625 0.925 0.0625 0.06666666666666667
8 0.33203125 0.925 0.0625 0.06666666666666667
8 0.3984375 0.925 0.0625 0.06666666666666667
8 0.46484375 0.925 0.0625 0.06666666666666667
8 0.53125 0.925 0.0625 0.06666666666666667
8 0.59765625 0.925 0.0625 0.06666666666666667
8 0.6640625 0.925 0.0625 0.06666666666666667
8 0.73046875 0.925 0.0625 0.06666666666666667
8 0.796875 0.925 0.0625 0.06666666666666667
8 0.86328125 0.925 0.0625 0.06666666666666667
8 0.9296875 0.925 0.0625 0.06666666666666667
1 0.4453125 0.5666666666666667 0.0625 0.13333333333333333
3 0.4765625 0.8666666666666667 0.075 0.08
3 0.5703125 0.8666666666666667 0.075 0.08
