8 0.359375 0.35833333333333334 0.0625 0.06666666666666667
8 0.42578125 0.35833333333333334 0.0625 0.06666666666666667
8 0.29296875 0.42916666666666664 0.0625 0.06666666666666667
8 0.359375 0.42916666666666664 0.0625 0.06666666666666667
8 0.42578125 0.42916666666666664 0.0625 0.06666666666666667
8 0.2265625 0.5 0.0625 0.06666666666666667
8 0.29296875 0.5 0.0625 0.06666666666666667
8 0.359375 0.5 0.0625 0.06666666666666667
8 0.42578125 0.5 0.0625 0.06666666666666667
8 0.16015625 0.5708333333333333 0.0625 0.06666666666666667
8 0.2265625 0.5708333333333333 0.0625 0.06666666666666667
8 0.29296875 0.5708333333333333 0.0625 0.06666666666666667
8 0.359375 0.5708333333333333 0.0625 0.06666666666666667
8 0.42578125 0.5708333333333333 0.0625 0.06666666666666667
8 0.09375 0.6416666666666667 0.0625 0.06666666666666667
8 0.16015625 0.6416666666666667 0.0625 0.06666666666666667
8 0.2265625 0.6416666666666667 0.0625 0.06666666666666667
8 0.29296875 0.6416666666666667 0.0625 0.06666666666666667
8 0.359375 0.6416666666666667 0.0625 0.06666666666666667
8 0.42578125 0.6416666666666667 0.0625 0.06666666666666667
8 0.09375 0.7125 0.0625 0.06666666666666667
8 0.16015625 0.7125 0.0625 0.06666666666666667
8 0.2265625 0.7125 0.0625 0.06666666666666667
8 0.29296875 0.7125 0.0625 0.06666666666666667
8 0.359375 0.7125 0.0625 0.06666666666666667
8 0.42578125 0.7125 0.0625 0.06666666666666667
8 0.09375 0.7833333333333333 0.0625 0.06666666666666667
8 0.16015625 0.7833333333333333 0.0625 0.06666666666666667
8 0.2265625 0.7833333333333333 0.0625 0.06666666666666667
8 0.29296875 0.7833333333333333 0.0625 0.06666666666666667
8 0.359375 0.7833333333333333 0.0625 0.06666666666666667
8 0.42578125 0.7833333333333333 0.0625 0.06666666666666667
8 0.09375 0.8541666666666666 0.0625 0.06666666666666667
8 0.16015625 0.8541666666666666 0.0625 0.06666666666666667
8 0.2265625 0.8541666666666666 0.0625 0.06666666666666667
8 0.29296875 0.8541666666666666 0.0625 0.06666666666666667
8 0.359375 0.8541666666666666 0.0625 0.06666666666666667
8 0.42578125 0.8541666666666666 0.0625 0.06666666666666667
8 0.09375 0.925 0.0625 0.06666666666666667
8 0.16015625 0.925 0.0625 0.06666666666666667
8 0.2265625 0.925 0.0625 0.06666666666666667
8 0.29296875 0.925 0.0625 0.06666666666666667
8 0.359375 0.925 0.0625 0.06666666666666667
8 0.42578125 0.925 0.0625 0.06666666666666667
8 0.4921875 0.925 0.0625 0.06666666666666667
8 0.55859375 0.925 0.0625 0.06666666666666667
8 0.625 0.925 0.0625 0.06666666666666667
8 0.69140625 0.925 0.0625 0.06666666666666667
8 0.7578125 0.925 0.0625 0.06666666666666667
8 0.82421875 0.925 0.0625 0.06666666666666667
8 0.890625 0.925 0.0625 0.06666666666666667
8 0.95703125 0.925 0.0625 0.06666666666666667
1 0.4609375 0.3 0.0625 0.13333333333333333
