16 0.95703125 0.6416666666666667 0.0625 0.06666666666666667
8 0.09375 0.925 0.0625 0.06666666666666667
8 0.16015625 0.925 0.0625 0.06666666666666667
8 0.2265625 0.925 0.0625 0.06666666666666667
8 0.29296875 0.925 0.0625 0.06666666666666667
8 0.359375 0.925 0.0625 0.06666666666666667
8 0.42578125 0.925 0.0625 0.06666666666666667
8 0.4921875 0.925 0.0625 0.06666666666666667
8 0.55859375 0.925 0.0625 0.06666666666666667
8 0.625 0.925 0.0625 0.06666666666666667
8 0.69140625 0.925 0.0625 0.06666666666666667
8 0.7578125 0.925 0.0625 0.06666666666666667
8 0.82421875 0.925 0.0625 0.06666666666666667
8 0.890625 0.925 0.0625 0.06666666666666667
8 0.95703125 0.925 0.0625 0.06666666666666667
0 0.3984375 0.8666666666666667 0.0625 0.06666666666666667
