17 0.15625 0.35833333333333334 0.0625 0.06666666666666667
16 0.08984375 0.6416666666666667 0.0625 0.06666666666666667
16 0.22265625 0.6416666666666667 0.0625 0.06666666666666667
19 0.15625 0.6416666666666667 0.0625 0.06666666666666667
19 0.2890625 0.6416666666666667 0.0625 0.06666666666666667
9 0.5546875 0.7833333333333333 0.0625 0.06666666666666667
10 0.62109375 0.7833333333333333 0.0625 0.06666666666666667
11 0.5546875 0.8541666666666666 0.0625 0.06666666666666667
12 0.62109375 0.8541666666666666 0.0625 0.06666666666666667
8 0.08984375 0.925 0.0625 0.06666666666666667
8 0.15625 0.925 0.0625 0.06666666666666667
8 0.22265625 0.925 0.0625 0.06666666666666667
8 0.2890625 0.925 0.0625 0.06666666666666667
8 0.35546875 0.925 0.0625 0.06666666666666667
8 0.421875 0.925 0.0625 0.06666666666666667
8 0.48828125 0.925 0.0625 0.06666666666666667
8 0.5546875 0.925 0.0625 0.06666666666666667
8 0.62109375 0.925 0.0625 0.06666666666666667
8 0.6875 0.925 0.0625 0.06666666666666667
8 0.75390625 0.925 0.0625 0.06666666666666667
8 0.8203125 0.925 0.0625 0.06666666666666667
8 0.88671875 0.925 0.0625 0.06666666666666667
8 0.953125 0.925 0.0625 0.06666666666666667
0 0.453125 0.7291666666666666 0.0625 0.06666666666666667
