19 0.82421875 0.35833333333333334 0.0625 0.06666666666666667
19 0.890625 0.35833333333333334 0.0625 0.06666666666666667
19 0.95703125 0.35833333333333334 0.0625 0.06666666666666667
19 0.625 0.6416666666666667 0.0625 0.06666666666666667
19 0.7578125 0.6416666666666667 0.0625 0.06666666666666667
16 0.69140625 0.6416666666666667 0.0625 0.06666666666666667
8 0.2265625 0.925 0.0625 0.06666666666666667
8 0.29296875 0.925 0.0625 0.06666666666666667
8 0.359375 0.925 0.0625 0.06666666666666667
8 0.42578125 0.925 0.0625 0.06666666666666667
8 0.4921875 0.925 0.0625 0.06666666666666667
8 0.55859375 0.925 0.0625 0.06666666666666667
8 0.625 0.925 0.0625 0.06666666666666667
8 0.69140625 0.925 0.0625 0.06666666666666667
8 0.7578125 0.925 0.0625 0.06666666666666667
8 0.82421875 0.925 0.0625 0.06666666666666667
8 0.890625 0.925 0.0625 0.06666666666666667
8 0.95703125 0.925 0.0625 0.06666666666666667
0 0.45703125 0.8666666666666667 0.0625 0.06666666666666667
3 0.72265625 0.5583333333333333 0.075 0.08
3 0.875 0.3333333333333333 0.075 0.08
