8 0.70703125 0.6416666666666667 0.0625 0.06666666666666667
8 0.7734375 0.6416666666666667 0.0625 0.06666666666666667
8 0.04296875 0.7125 0.0625 0.06666666666666667
8 0.640625 0.7125 0.0625 0.06666666666666667
8 0.70703125 0.7125 0.0625 0.06666666666666667
8 0.7734375 0.7125 0.0625 0.06666666666666667
8 0.04296875 0.7833333333333333 0.0625 0.06666666666666667
8 0.109375 0.7833333333333333 0.0625 0.06666666666666667
8 0.57421875 0.7833333333333333 0.0625 0.06666666666666667
8 0.640625 0.7833333333333333 0.0625 0.06666666666666667
8 0.70703125 0.7833333333333333 0.0625 0.06666666666666667
8 0.7734375 0.7833333333333333 0.0625 0.06666666666666667
8 0.04296875 0.8541666666666666 0.0625 0.06666666666666667
8 0.109375 0.8541666666666666 0.0625 0.06666666666666667
8 0.17578125 0.8541666666666666 0.0625 0.06666666666666667
8 0.5078125 0.8541666666666666 0.0625 0.06666666666666667
8 0.57421875 0.8541666666666666 0.0625 0.06666666666666667
8 0.640625 0.8541666666666666 0.0625 0.06666666666666667
8 0.70703125 0.8541666666666666 0.0625 0.06666666666666667
8 0.7734375 0.8541666666666666 0.0625 0.06666666666666667
8 0.04296875 0.925 0.0625 0.06666666666666667
8 0.109375 0.925 0.0625 0.06666666666666667
8 0.17578125 0.925 0.0625 0.06666666666666667
8 0.2421875 0.925 0.0625 0.06666666666666667
8 0.30859375 0.925 0.0625 0.06666666666666667
8 0.375 0.925 0.0625 0.06666666666666667
8 0.44140625 0.925 0.0625 0.06666666666666667
8 0.5078125 0.925 0.0625 0.06666666666666667
8 0.57421875 0.925 0.0625 0.06666666666666667
8 0.640625 0.925 0.0625 0.06666666666666667
8 0.70703125 0.925 0.0625 0.06666666666666667
8 0.7734375 0.925 0.0625 0.06666666666666667
2 0.453125 0.7541666666666667 0.0625 0.13333333333333333
