19 0.91015625 0.35833333333333334 0.0625 0.06666666666666667
19 0.7109375 0.6416666666666667 0.0625 0.06666666666666667
19 0.84375 0.6416666666666667 0.0625 0.06666666666666667
16 0.77734375 0.6416666666666667 0.0625 0.06666666666666667
8 0.046875 0.925 0.0625 0.06666666666666667
8 0.11328125 0.925 0.0625 0.06666666666666667
8 0.3125 0.925 0.0625 0.06666666666666667
8 0.37890625 0.925 0.0625 0.06666666666666667
8 0.4453125 0.925 0.0625 0.06666666666666667
8 0.51171875 0.925 0.0625 0.06666666666666667
8 0.578125 0.925 0.0625 0.06666666666666667
8 0.64453125 0.925 0.0625 0.06666666666666667
8 0.7109375 0.925 0.0625 0.06666666666666667
8 0.77734375 0.925 0.0625 0.06666666666666667
8 0.84375 0.925 0.0625 0.06666666666666667
8 0.91015625 0.925 0.0625 0.06666666666666667
0 0.45703125 0.8666666666666667 0.0625 0.06666666666666667
3 0.81640625 0.45 0.075 0.08
3 0.96875 0.3333333333333333 0.075 0.08
