19 0.41015625 0.6416666666666667 0.0625 0.06666666666666667
19 0.4765625 0.6416666666666667 0.0625 0.06666666666666667
19 0.609375 0.6416666666666667 0.0625 0.06666666666666667
16 0.54296875 0.6416666666666667 0.0625 0.06666666666666667
9 0.078125 0.7833333333333333 0.0625 0.06666666666666667
10 0.14453125 0.7833333333333333 0.0625 0.06666666666666667
11 0.078125 0.8541666666666666 0.0625 0.06666666666666667
12 0.14453125 0.8541666666666666 0.0625 0.06666666666666667
8 0.078125 0.925 0.0625 0.06666666666666667
8 0.14453125 0.925 0.0625 0.06666666666666667
8 0.2109375 0.925 0.0625 0.06666666666666667
8 0.27734375 0.925 0.0625 0.06666666666666667
8 0.34375 0.925 0.0625 0.06666666666666667
8 0.41015625 0.925 0.0625 0.06666666666666667
8 0.4765625 0.925 0.0625 0.06666666666666667
8 0.54296875 0.925 0.0625 0.06666666666666667
8 0.609375 0.925 0.0625 0.06666666666666667
8 0.67578125 0.925 0.0625 0.06666666666666667
8 0.7421875 0.925 0.0625 0.06666666666666667
8 0.80859375 0.925 0.0625 0.06666666666666667
8 0.875 0.925 0.0625 0.06666666666666667
8 0.94140625 0.925 0.0625 0.06666666666666667
1 0.38671875 0.5583333333333333 0.0625 0.13333333333333333
3 0.5859375 0.8666666666666667 0.075 0.08
3 0.6796875 0.8666666666666667 0.075 0.08
