16 0.51171875 0.35833333333333334 0.0625 0.06666666666666667
16 0.51171875 0.6416666666666667 0.0625 0.06666666666666667
16 0.7109375 0.6416666666666667 0.0625 0.06666666666666667
17 0.3125 0.6416666666666667 0.0625 0.06666666666666667
8 0.046875 0.925 0.0625 0.06666666666666667
8 0.11328125 0.925 0.0625 0.06666666666666667
8 0.1796875 0.925 0.0625 0.06666666666666667
8 0.24609375 0.925 0.0625 0.06666666666666667
8 0.3125 0.925 0.0625 0.06666666666666667
8 0.37890625 0.925 0.0625 0.06666666666666667
8 0.4453125 0.925 0.0625 0.06666666666666667
8 0.51171875 0.925 0.0625 0.06666666666666667
8 0.578125 0.925 0.0625 0.06666666666666667
8 0.64453125 0.925 0.0625 0.06666666666666667
8 0.7109375 0.925 0.0625 0.06666666666666667
8 0.77734375 0.925 0.0625 0.06666666666666667
8 0.84375 0.925 0.0625 0.06666666666666667
8 0.91015625 0.925 0.0625 0.06666666666666667
2 0.453125 0.8333333333333334 0.0625 0.13333333333333333
3 0.75390625 0.8666666666666667 0.075 0.08
3 0.84765625 0.8666666666666667 0.075 0.08
