19 0.41015625 0.35833333333333334 0.0625 0.06666666666666667
19 0.4765625 0.35833333333333334 0.0625 0.06666666666666667
19 0.54296875 0.35833333333333334 0.0625 0.06666666666666667
19 0.609375 0.35833333333333334 0.0625 0.06666666666666667
19 0.67578125 0.35833333333333334 0.0625 0.06666666666666667
19 0.7421875 0.35833333333333334 0.0625 0.06666666666666667
19 0.80859375 0.35833333333333334 0.0625 0.06666666666666667
19 0.875 0.35833333333333334 0.0625 0.06666666666666667
19 0.2109375 0.6416666666666667 0.0625 0.06666666666666667
19 0.34375 0.6416666666666667 0.0625 0.06666666666666667
17 0.27734375 0.6416666666666667 0.0625 0.06666666666666667
8 0.078125 0.925 0.0625 0.06666666666666667
8 0.14453125 0.925 0.0625 0.06666666666666667
8 0.2109375 0.925 0.0625 0.06666666666666667
8 0.27734375 0.925 0.0625 0.06666666666666667
8 0.34375 0.925 0.0625 0.06666666666666667
8 0.41015625 0.925 0.0625 0.06666666666666667
8 0.4765625 0.925 0.0625 0.06666666666666667
8 0.54296875 0.925 0.0625 0.06666666666666667
8 0.609375 0.925 0.0625 0.06666666666666667
8 0.67578125 0.925 0.0625 0.06666666666666667
8 0.7421875 0.925 0.0625 0.06666666666666667
1 0.40234375 0.8333333333333334 0.0625 0.13333333333333333
3 0.140625 0.8541666666666666 0.075 0.08
