8 0.046875 0.925 0.0625 0.06666666666666667
8 0.11328125 0.925 0.0625 0.06666666666666667
8 0.1796875 0.925 0.0625 0.06666666666666667
8 0.24609375 0.925 0.0625 0.06666666666666667
8 0.3125 0.925 0.0625 0.06666666666666667
8 0.37890625 0.925 0.0625 0.06666666666666667
8 0.4453125 0.925 0.0625 0.06666666666666667
8 0.51171875 0.925 0.0625 0.06666666666666667
8 0.578125 0.925 0.0625 0.06666666666666667
8 0.77734375 0.925 0.0625 0.06666666666666667
8 0.84375 0.925 0.0625 0.06666666666666667
8 0.91015625 0.925 0.0625 0.06666666666666667
0 0.45703125 0.75 0.0625 0.06666666666666667
