16 0.48828125 0.35833333333333334 0.0625 0.06666666666666667
16 0.48828125 0.6416666666666667 0.0625 0.06666666666666667
16 0.6875 0.6416666666666667 0.0625 0.06666666666666667
17 0.2890625 0.6416666666666667 0.0625 0.06666666666666667
8 0.08984375 0.925 0.0625 0.06666666666666667
8 0.15625 0.925 0.0625 0.06666666666666667
8 0.22265625 0.925 0.0625 0.06666666666666667
8 0.2890625 0.925 0.0625 0.06666666666666667
8 0.35546875 0.925 0.0625 0.06666666666666667
8 0.421875 0.925 0.0625 0.06666666666666667
8 0.48828125 0.925 0.0625 0.06666666666666667
8 0.5546875 0.925 0.0625 0.06666666666666667
8 0.62109375 0.925 0.0625 0.06666666666666667
8 0.6875 0.925 0.0625 0.06666666666666667
8 0.75390625 0.925 0.0625 0.06666666666666667
8 0.8203125 0.925 0.0625 0.06666666666666667
8 0.88671875 0.925 0.0625 0.06666666666666667
8 0.953125 0.925 0.0625 0.06666666666666667
0 0.36328125 0.37916666666666665 0.0625 0.06666666666666667
3 0.44921875 0.8666666666666667 0.075 0.08
3 0.54296875 0.8666666666666667 0.075 0.08
