19 0.25 0.35833333333333334 0.0625 0.06666666666666667
19 0.31640625 0.35833333333333334 0.0625 0.06666666666666667
19 0.3828125 0.35833333333333334 0.0625 0.06666666666666667
19 0.84765625 0.6416666666666667 0.0625 0.06666666666666667
19 0.9140625 0.6416666666666667 0.0625 0.06666666666666667
16 0.44921875 0.35833333333333334 0.0625 0.06666666666666667
17 0.44921875 0.6416666666666667 0.0625 0.06666666666666667
8 0.1171875 0.925 0.0625 0.06666666666666667
8 0.18359375 0.925 0.0625 0.06666666666666667
8 0.25 0.925 0.0625 0.06666666666666667
8 0.31640625 0.925 0.0625 0.06666666666666667
8 0.3828125 0.925 0.0625 0.06666666666666667
8 0.44921875 0.925 0.0625 0.06666666666666667
8 0.515625 0.925 0.0625 0.06666666666666667
8 0.58203125 0.925 0.0625 0.06666666666666667
8 0.6484375 0.925 0.0625 0.06666666666666667
8 0.71484375 0.925 0.0625 0.06666666666666667
8 0.78125 0.925 0.0625 0.06666666666666667
8 0.84765625 0.925 0.0625 0.06666666666666667
8 0.9140625 0.925 0.0625 0.06666666666666667
1 0.453125 0.7625 0.0625 0.13333333333333333
3 0.55859375 0.8666666666666667 0.075 0.08
3 0.65234375 0.8666666666666667 0.075 0.08
