8 0.65234375 0.35833333333333334 0.0625 0.06666666666666667
8 0.71875 0.35833333333333334 0.0625 0.06666666666666667
8 0.5859375 0.42916666666666664 0.0625 0.06666666666666667
8 0.65234375 0.42916666666666664 0.0625 0.06666666666666667
8 0.71875 0.42916666666666664 0.0625 0.06666666666666667
8 0.51953125 0.5 0.0625 0.06666666666666667
8 0.5859375 0.5 0.0625 0.06666666666666667
8 0.65234375 0.5 0.0625 0.06666666666666667
8 0.71875 0.5 0.0625 0.06666666666666667
8 0.453125 0.5708333333333333 0.0625 0.06666666666666667
8 0.51953125 0.5708333333333333 0.0625 0.06666666666666667
8 0.5859375 0.5708333333333333 0.0625 0.06666666666666667
8 0.65234375 0.5708333333333333 0.0625 0.06666666666666667
8 0.71875 0.5708333333333333 0.0625 0.06666666666666667
8 0.38671875 0.6416666666666667 0.0625 0.06666666666666667
8 0.453125 0.6416666666666667 0.0625 0.06666666666666667
8 0.51953125 0.6416666666666667 0.0625 0.06666666666666667
8 0.5859375 0.6416666666666667 0.0625 0.06666666666666667
8 0.65234375 0.6416666666666667 0.0625 0.06666666666666667
8 0.71875 0.6416666666666667 0.0625 0.06666666666666667
8 0.3203125 0.7125 0.0625 0.06666666666666667
8 0.38671875 0.7125 0.0625 0.06666666666666667
8 0.453125 0.7125 0.0625 0.06666666666666667
8 0.51953125 0.7125 0.0625 0.06666666666666667
8 0.5859375 0.7125 0.0625 0.06666666666666667
8 0.65234375 0.7125 0.0625 0.06666666666666667
8 0.71875 0.7125 0.0625 0.06666666666666667
8 0.25390625 0.7833333333333333 0.0625 0.06666666666666667
8 0.3203125 0.7833333333333333 0.0625 0.06666666666666667
8 0.38671875 0.7833333333333333 0.0625 0.06666666666666667
8 0.453125 0.7833333333333333 0.0625 0.06666666666666667
8 0.51953125 0.7833333333333333 0.0625 0.06666666666666667
8 0.5859375 0.7833333333333333 0.0625 0.06666666666666667
8 0.65234375 0.7833333333333333 0.0625 0.06666666666666667
8 0.71875 0.7833333333333333 0.0625 0.06666666666666667
8 0.1875 0.8541666666666666 0.0625 0.06666666666666667
8 0.25390625 0.8541666666666666 0.0625 0.06666666666666667
8 0.3203125 0.8541666666666666 0.0625 0.06666666666666667
8 0.38671875 0.8541666666666666 0.0625 0.06666666666666667
8 0.453125 0.8541666666666666 0.0625 0.06666666666666667
8 0.51953125 0.8541666666666666 0.0625 0.06666666666666667
8 0.5859375 0.8541666666666666 0.0625 0.06666666666666667
8 0.65234375 0.8541666666666666 0.0625 0.06666666666666667
8 0.71875 0.8541666666666666 0.0625 0.06666666666666667
8 0.0546875 0.925 0.0625 0.06666666666666667
8 0.12109375 0.925 0.0625 0.06666666666666667
8 0.1875 0.925 0.0625 0.06666666666666667
8 0.25390625 0.925 0.0625 0.06666666666666667
8 0.3203125 0.925 0.0625 0.06666666666666667
8 0.38671875 0.925 0.0625 0.06666666666666667
8 0.453125 0.925 0.0625 0.06666666666666667
8 0.51953125 0.925 0.0625 0.06666666666666667
8 0.5859375 0.925 0.0625 0.06666666666666667
8 0.65234375 0.925 0.0625 0.06666666666666667
8 0.71875 0.925 0.0625 0.06666666666666667
8 0.78515625 0.925 0.0625 0.06666666666666667
8 0.8515625 0.925 0.0625 0.06666666666666667
8 0.91796875 0.925 0.0625 0.06666666666666667
9 0.0546875 0.7833333333333333 0.0625 0.06666666666666667
10 0.12109375 0.7833333333333333 0.0625 0.06666666666666667
11 0.0546875 0.8541666666666666 0.0625 0.06666666666666667
12 0.12109375 0.8541666666666666 0.0625 0.06666666666666667
1 0.44921875 0.5 0.0625 0.13333333333333333
