8 0.05859375 0.6416666666666667 0.0625 0.06666666666666667
8 0.7890625 0.6416666666666667 0.0625 0.06666666666666667
8 0.85546875 0.6416666666666667 0.0625 0.06666666666666667
8 0.05859375 0.7125 0.0625 0.06666666666666667
8 0.125 0.7125 0.0625 0.06666666666666667
8 0.72265625 0.7125 0.0625 0.06666666666666667
8 0.7890625 0.7125 0.0625 0.06666666666666667
8 0.85546875 0.7125 0.0625 0.06666666666666667
8 0.05859375 0.7833333333333333 0.0625 0.06666666666666667
8 0.125 0.7833333333333333 0.0625 0.06666666666666667
8 0.19140625 0.7833333333333333 0.0625 0.06666666666666667
8 0.65625 0.7833333333333333 0.0625 0.06666666666666667
8 0.72265625 0.7833333333333333 0.0625 0.06666666666666667
8 0.7890625 0.7833333333333333 0.0625 0.06666666666666667
8 0.85546875 0.7833333333333333 0.0625 0.06666666666666667
8 0.05859375 0.8541666666666666 0.0625 0.06666666666666667
8 0.125 0.8541666666666666 0.0625 0.06666666666666667
8 0.19140625 0.8541666666666666 0.0625 0.06666666666666667
8 0.2578125 0.8541666666666666 0.0625 0.06666666666666667
8 0.58984375 0.8541666666666666 0.0625 0.06666666666666667
8 0.65625 0.8541666666666666 0.0625 0.06666666666666667
8 0.72265625 0.8541666666666666 0.0625 0.06666666666666667
8 0.7890625 0.8541666666666666 0.0625 0.06666666666666667
8 0.85546875 0.8541666666666666 0.0625 0.06666666666666667
8 0.05859375 0.925 0.0625 0.06666666666666667
8 0.125 0.925 0.0625 0.06666666666666667
8 0.19140625 0.925 0.0625 0.06666666666666667
8 0.2578125 0.925 0.0625 0.06666666666666667
8 0.32421875 0.925 0.0625 0.06666666666666667
8 0.390625 0.925 0.0625 0.06666666666666667
8 0.45703125 0.925 0.0625 0.06666666666666667
8 0.5234375 0.925 0.0625 0.06666666666666667
8 0.58984375 0.925 0.0625 0.06666666666666667
8 0.65625 0.925 0.0625 0.06666666666666667
8 0.72265625 0.925 0.0625 0.06666666666666667
8 0.7890625 0.925 0.0625 0.06666666666666667
8 0.85546875 0.925 0.0625 0.06666666666666667
2 0.453125 0.8333333333333334 0.0625 0.13333333333333333
