17 0.0390625 0.35833333333333334 0.0625 0.06666666666666667
17 0.10546875 0.6416666666666667 0.0625 0.06666666666666667
9 0.4375 0.7833333333333333 0.0625 0.06666666666666667
10 0.50390625 0.7833333333333333 0.0625 0.06666666666666667
11 0.4375 0.8541666666666666 0.0625 0.06666666666666667
12 0.50390625 0.8541666666666666 0.0625 0.06666666666666667
8 0.0390625 0.925 0.0625 0.06666666666666667
8 0.10546875 0.925 0.0625 0.06666666666666667
8 0.171875 0.925 0.0625 0.06666666666666667
8 0.23828125 0.925 0.0625 0.06666666666666667
8 0.3046875 0.925 0.0625 0.06666666666666667
8 0.37109375 0.925 0.0625 0.06666666666666667
8 0.4375 0.925 0.0625 0.06666666666666667
8 0.50390625 0.925 0.0625 0.06666666666666667
8 0.5703125 0.925 0.0625 0.06666666666666667
8 0.63671875 0.925 0.0625 0.06666666666666667
8 0.703125 0.925 0.0625 0.06666666666666667
8 0.76953125 0.925 0.0625 0.06666666666666667
8 0.8359375 0.925 0.0625 0.06666666666666667
8 0.90234375 0.925 0.0625 0.06666666666666667
8 0.96875 0.925 0.0625 0.06666666666666667
1 0.37109375 0.6583333333333333 0.0625 0.13333333333333333
