16 0.484375 0.35833333333333334 0.0625 0.06666666666666667
16 0.484375 0.6416666666666667 0.0625 0.06666666666666667
16 0.68359375 0.6416666666666667 0.0625 0.06666666666666667
17 0.28515625 0.6416666666666667 0.0625 0.06666666666666667
8 0.0859375 0.925 0.0625 0.06666666666666667
8 0.15234375 0.925 0.0625 0.06666666666666667
8 0.21875 0.925 0.0625 0.06666666666666667
8 0.28515625 0.925 0.0625 0.06666666666666667
8 0.3515625 0.925 0.0625 0.06666666666666667
8 0.41796875 0.925 0.0625 0.06666666666666667
8 0.484375 0.925 0.0625 0.06666666666666667
8 0.55078125 0.925 0.0625 0.06666666666666667
8 0.6171875 0.925 0.0625 0.06666666666666667
8 0.68359375 0.925 0.0625 0.06666666666666667
8 0.75 0.925 0.0625 0.06666666666666667
8 0.81640625 0.925 0.0625 0.06666666666666667
8 0.8828125 0.925 0.0625 0.06666666666666667
8 0.94921875 0.925 0.0625 0.06666666666666667
1 0.453125 0.8333333333333334 0.0625 0.13333333333333333
3 0.73046875 0.8666666666666667 0.075 0.08
3 0.8203125 0.8666666666666667 0.075 0.08
