8 0.0625 0.925 0.0625 0.06666666666666667
8 0.12890625 0.925 0.0625 0.06666666666666667
8 0.1953125 0.925 0.0625 0.06666666666666667
8 0.26171875 0.925 0.0625 0.06666666666666667
8 0.328125 0.925 0.0625 0.06666666666666667
8 0.39453125 0.925 0.0625 0.06666666666666667
8 0.4609375 0.925 0.0625 0.06666666666666667
8 0.52734375 0.925 0.0625 0.06666666666666667
8 0.7265625 0.925 0.0625 0.06666666666666667
8 0.79296875 0.925 0.0625 0.06666666666666667
8 0.859375 0.925 0.0625 0.06666666666666667
8 0.92578125 0.925 0.0625 0.06666666666666667
0 0.45703125 0.6708333333333333 0.0625 0.06666666666666667
