16 0.33984375 0.35833333333333334 0.0625 0.06666666666666667
16 0.40625 0.6416666666666667 0.0625 0.06666666666666667
19 0.20703125 0.6416666666666667 0.0625 0.06666666666666667
19 0.33984375 0.6416666666666667 0.0625 0.06666666666666667
19 0.47265625 0.6416666666666667 0.0625 0.06666666666666667
17 0.2734375 0.6416666666666667 0.0625 0.06666666666666667
9 0.73828125 0.7833333333333333 0.0625 0.06666666666666667
10 0.8046875 0.7833333333333333 0.0625 0.06666666666666667
11 0.73828125 0.8541666666666666 0.0625 0.06666666666666667
12 0.8046875 0.8541666666666666 0.0625 0.06666666666666667
8 0.07421875 0.925 0.0625 0.06666666666666667
8 0.140625 0.925 0.0625 0.06666666666666667
8 0.20703125 0.925 0.0625 0.06666666666666667
8 0.2734375 0.925 0.0625 0.06666666666666667
8 0.33984375 0.925 0.0625 0.06666666666666667
8 0.40625 0.925 0.0625 0.06666666666666667
8 0.47265625 0.925 0.0625 0.06666666666666667
8 0.5390625 0.925 0.0625 0.06666666666666667
8 0.60546875 0.925 0.0625 0.06666666666666667
8 0.671875 0.925 0.0625 0.06666666666666667
8 0.73828125 0.925 0.0625 0.06666666666666667
8 0.8046875 0.925 0.0625 0.06666666666666667
8 0.87109375 0.925 0.0625 0.06666666666666667
8 0.9375 0.925 0.0625 0.06666666666666667
0 0.3359375 0.8666666666666667 0.0625 0.06666666666666667
4 0.25390625 0.5791666666666667 0.0625 0.06666666666666667
