8 0.6953125 0.35833333333333334 0.0625 0.06666666666666667
8 0.76171875 0.35833333333333334 0.0625 0.06666666666666667
8 0.62890625 0.42916666666666664 0.0625 0.06666666666666667
8 0.6953125 0.42916666666666664 0.0625 0.06666666666666667
8 0.76171875 0.42916666666666664 0.0625 0.06666666666666667
8 0.5625 0.5 0.0625 0.06666666666666667
8 0.62890625 0.5 0.0625 0.06666666666666667
8 0.6953125 0.5 0.0625 0.06666666666666667
8 0.76171875 0.5 0.0625 0.06666666666666667
8 0.49609375 0.5708333333333333 0.0625 0.06666666666666667
8 0.5625 0.5708333333333333 0.0625 0.06666666666666667
8 0.62890625 0.5708333333333333 0.0625 0.06666666666666667
8 0.6953125 0.5708333333333333 0.0625 0.06666666666666667
8 0.76171875 0.5708333333333333 0.0625 0.06666666666666667
8 0.4296875 0.6416666666666667 0.0625 0.06666666666666667
8 0.49609375 0.6416666666666667 0.0625 0.06666666666666667
8 0.5625 0.6416666666666667 0.0625 0.06666666666666667
8 0.62890625 0.6416666666666667 0.0625 0.06666666666666667
8 0.6953125 0.6416666666666667 0.0625 0.06666666666666667
8 0.76171875 0.6416666666666667 0.0625 0.06666666666666667
8 0.36328125 0.7125 0.0625 0.06666666666666667
8 0.4296875 0.7125 0.0625 0.06666666666666667
8 0.49609375 0.7125 0.0625 0.06666666666666667
8 0.5625 0.7125 0.0625 0.06666666666666667
8 0.62890625 0.7125 0.0625 0.06666666666666667
8 0.6953125 0.7125 0.0625 0.06666666666666667
8 0.76171875 0.7125 0.0625 0.06666666666666667
8 0.296875 0.7833333333333333 0.0625 0.06666666666666667
8 0.36328125 0.7833333333333333 0.0625 0.06666666666666667
8 0.4296875 0.7833333333333333 0.0625 0.06666666666666667
8 0.49609375 0.7833333333333333 0.0625 0.06666666666666667
8 0.5625 0.7833333333333333 0.0625 0.06666666666666667
8 0.62890625 0.7833333333333333 0.0625 0.06666666666666667
8 0.6953125 0.7833333333333333 0.0625 0.06666666666666667
8 0.76171875 0.7833333333333333 0.0625 0.06666666666666667
8 0.23046875 0.8541666666666666 0.0625 0.06666666666666667
8 0.296875 0.8541666666666666 0.0625 0.06666666666666667
8 0.36328125 0.8541666666666666 0.0625 0.06666666666666667
8 0.4296875 0.8541666666666666 0.0625 0.06666666666666667
8 0.49609375 0.8541666666666666 0.0625 0.06666666666666667
8 0.5625 0.8541666666666666 0.0625 0.06666666666666667
8 0.62890625 0.8541666666666666 0.0625 0.06666666666666667
8 0.6953125 0.8541666666666666 0.0625 0.06666666666666667
8 0.76171875 0.8541666666666666 0.0625 0.06666666666666667
8 0.09765625 0.925 0.0625 0.06666666666666667
8 0.1640625 0.925 0.0625 0.06666666666666667
8 0.23046875 0.925 0.0625 0.06666666666666667
8 0.296875 0.925 0.0625 0.06666666666666667
8 0.36328125 0.925 0.0625 0.06666666666666667
8 0.4296875 0.925 0.0625 0.06666666666666667
8 0.49609375 0.925 0.0625 0.06666666666666667
8 0.5625 0.925 0.0625 0.06666666666666667
8 0.62890625 0.925 0.0625 0.06666666666666667
8 0.6953125 0.925 0.0625 0.06666666666666667
8 0.76171875 0.925 0.0625 0.06666666666666667
8 0.828125 0.925 0.0625 0.06666666666666667
8 0.89453125 0.925 0.0625 0.06666666666666667
8 0.9609375 0.925 0.0625 0.06666666666666667
9 0.09765625 0.7833333333333333 0.0625 0.06666666666666667
10 0.1640625 0.7833333333333333 0.0625 0.06666666666666667
11 0.09765625 0.8541666666666666 0.0625 0.06666666666666667
12 0.1640625 0.8541666666666666 0.0625 0.06666666666666667
0 0.453125 0.4125 0.0625 0.06666666666666667
