19 0.171875 0.6416666666666667 0.0625 0.06666666666666667
19 0.23828125 0.6416666666666667 0.0625 0.06666666666666667
19 0.37109375 0.6416666666666667 0.0625 0.06666666666666667
17 0.3046875 0.6416666666666667 0.0625 0.06666666666666667
9 0.90234375 0.7833333333333333 0.0625 0.06666666666666667
11 0.90234375 0.8541666666666666 0.0625 0.06666666666666667
8 0.96875 0.8541666666666666 0.0625 0.06666666666666667
8 0.0390625 0.925 0.0625 0.06666666666666667
8 0.10546875 0.925 0.0625 0.06666666666666667
8 0.171875 0.925 0.0625 0.06666666666666667
8 0.23828125 0.925 0.0625 0.06666666666666667
8 0.3046875 0.925 0.0625 0.06666666666666667
8 0.37109375 0.925 0.0625 0.06666666666666667
8 0.4375 0.925 0.0625 0.06666666666666667
8 0.50390625 0.925 0.0625 0.06666666666666667
8 0.5703125 0.925 0.0625 0.06666666666666667
8 0.63671875 0.925 0.0625 0.06666666666666667
8 0.703125 0.925 0.0625 0.06666666666666667
8 0.76953125 0.925 0.0625 0.06666666666666667
8 0.8359375 0.925 0.0625 0.06666666666666667
8 0.90234375 0.925 0.0625 0.06666666666666667
8 0.96875 0.925 0.0625 0.06666666666666667
1 0.30078125 0.8333333333333334 0.0625 0.13333333333333333
3 0.12109375 0.8666666666666667 0.075 0.08
3 0.21484375 0.8666666666666667 0.075 0.08
