19 0.0625 0.6416666666666667 0.0625 0.06666666666666667
19 0.12890625 0.6416666666666667 0.0625 0.06666666666666667
19 0.26171875 0.6416666666666667 0.0625 0.06666666666666667
17 0.1953125 0.6416666666666667 0.0625 0.06666666666666667
9 0.79296875 0.7833333333333333 0.0625 0.06666666666666667
10 0.859375 0.7833333333333333 0.0625 0.06666666666666667
11 0.79296875 0.8541666666666666 0.0625 0.06666666666666667
12 0.859375 0.8541666666666666 0.0625 0.06666666666666667
8 0.92578125 0.8541666666666666 0.0625 0.06666666666666667
8 0.0625 0.925 0.0625 0.06666666666666667
8 0.12890625 0.925 0.0625 0.06666666666666667
8 0.1953125 0.925 0.0625 0.06666666666666667
8 0.26171875 0.925 0.0625 0.06666666666666667
8 0.328125 0.925 0.0625 0.06666666666666667
8 0.39453125 0.925 0.0625 0.06666666666666667
8 0.4609375 0.925 0.0625 0.06666666666666667
8 0.52734375 0.925 0.0625 0.06666666666666667
8 0.59375 0.925 0.0625 0.06666666666666667
8 0.66015625 0.925 0.0625 0.06666666666666667
8 0.7265625 0.925 0.0625 0.06666666666666667
8 0.79296875 0.925 0.0625 0.06666666666666667
8 0.859375 0.925 0.0625 0.06666666666666667
8 0.92578125 0.925 0.0625 0.06666666666666667
0 0.453125 0.525 0.0625 0.06666666666666667
3 0.08203125 0.8666666666666667 0.075 0.08
3 0.171875 0.8666666666666667 0.075 0.08
