19 0.71484375 0.6416666666666667 0.0625 0.06666666666666667
19 0.78125 0.6416666666666667 0.0625 0.06666666666666667
19 0.9140625 0.6416666666666667 0.0625 0.06666666666666667
16 0.84765625 0.6416666666666667 0.0625 0.06666666666666667
9 0.3828125 0.7833333333333333 0.0625 0.06666666666666667
10 0.44921875 0.7833333333333333 0.0625 0.06666666666666667
8 0.05078125 0.8541666666666666 0.0625 0.06666666666666667
8 0.05078125 0.925 0.0625 0.06666666666666667
8 0.1171875 0.925 0.0625 0.06666666666666667
8 0.18359375 0.925 0.0625 0.06666666666666667
8 0.25 0.925 0.0625 0.06666666666666667
8 0.31640625 0.925 0.0625 0.06666666666666667
8 0.3828125 0.925 0.0625 0.06666666666666667
8 0.44921875 0.925 0.0625 0.06666666666666667
8 0.515625 0.925 0.0625 0.06666666666666667
8 0.58203125 0.925 0.0625 0.06666666666666667
8 0.6484375 0.925 0.0625 0.06666666666666667
8 0.71484375 0.925 0.0625 0.06666666666666667
8 0.78125 0.925 0.0625 0.06666666666666667
8 0.84765625 0.925 0.0625 0.06666666666666667
8 0.9140625 0.925 0.0625 0.06666666666666667
11 0.3828125 0.8541666666666666 0.0625 0.06666666666666667
12 0.44921875 0.8541666666666666 0.0625 0.06666666666666667
2 0.453125 0.7 0.0625 0.13333333333333333
