8 0.9296875 0.42916666666666664 0.0625 0.06666666666666667
8 0.86328125 0.5 0.0625 0.06666666666666667
8 0.9296875 0.5 0.0625 0.06666666666666667
8 0.796875 0.5708333333333333 0.0625 0.06666666666666667
8 0.86328125 0.5708333333333333 0.0625 0.06666666666666667
8 0.9296875 0.5708333333333333 0.0625 0.06666666666666667
8 0.73046875 0.6416666666666667 0.0625 0.06666666666666667
8 0.796875 0.6416666666666667 0.0625 0.06666666666666667
8 0.86328125 0.6416666666666667 0.0625 0.06666666666666667
8 0.9296875 0.6416666666666667 0.0625 0.06666666666666667
8 0.6640625 0.7125 0.0625 0.06666666666666667
8 0.73046875 0.7125 0.0625 0.06666666666666667
8 0.796875 0.7125 0.0625 0.06666666666666667
8 0.86328125 0.7125 0.0625 0.06666666666666667
8 0.9296875 0.7125 0.0625 0.06666666666666667
8 0.59765625 0.7833333333333333 0.0625 0.06666666666666667
8 0.6640625 0.7833333333333333 0.0625 0.06666666666666667
8 0.73046875 0.7833333333333333 0.0625 0.06666666666666667
8 0.796875 0.7833333333333333 0.0625 0.06666666666666667
8 0.86328125 0.7833333333333333 0.0625 0.06666666666666667
8 0.9296875 0.7833333333333333 0.0625 0.06666666666666667
8 0.53125 0.8541666666666666 0.0625 0.06666666666666667
8 0.59765625 0.8541666666666666 0.0625 0.06666666666666667
8 0.6640625 0.8541666666666666 0.0625 0.06666666666666667
8 0.73046875 0.8541666666666666 0.0625 0.06666666666666667
8 0.796875 0.8541666666666666 0.0625 0.06666666666666667
8 0.86328125 0.8541666666666666 0.0625 0.06666666666666667
8 0.9296875 0.8541666666666666 0.0625 0.06666666666666667
8 0.06640625 0.925 0.0625 0.06666666666666667
8 0.1328125 0.925 0.0625 0.06666666666666667
8 0.19921875 0.925 0.0625 0.06666666666666667
8 0.265625 0.925 0.0625 0.06666666666666667
8 0.33203125 0.925 0.0625 0.06666666666666667
8 0.3984375 0.925 0.0625 0.06666666666666667
8 0.46484375 0.925 0.0625 0.06666666666666667
8 0.53125 0.925 0.0625 0.06666666666666667
8 0.59765625 0.925 0.0625 0.06666666666666667
8 0.6640625 0.925 0.0625 0.06666666666666667
8 0.73046875 0.925 0.0625 0.06666666666666667
8 0.796875 0.925 0.0625 0.06666666666666667
8 0.86328125 0.925 0.0625 0.06666666666666667
8 0.9296875 0.925 0.0625 0.06666666666666667
9 0.3984375 0.7833333333333333 0.0625 0.06666666666666667
10 0.46484375 0.7833333333333333 0.0625 0.06666666666666667
11 0.3984375 0.8541666666666666 0.0625 0.06666666666666667
12 0.46484375 0.8541666666666666 0.0625 0.06666666666666667
1 0.453125 0.7 0.0625 0.13333333333333333
