19 0.26953125 0.14583333333333334 0.0625 0.06666666666666667
19 0.3359375 0.14583333333333334 0.0625 0.06666666666666667
19 0.40234375 0.14583333333333334 0.0625 0.06666666666666667
19 0.46875 0.14583333333333334 0.0625 0.06666666666666667
19 0.53515625 0.14583333333333334 0.0625 0.06666666666666667
19 0.6015625 0.14583333333333334 0.0625 0.06666666666666667
19 0.66796875 0.14583333333333334 0.0625 0.06666666666666667
19 0.26953125 0.7125 0.0625 0.06666666666666667
19 0.3359375 0.7125 0.0625 0.06666666666666667
19 0.40234375 0.7125 0.0625 0.06666666666666667
19 0.46875 0.7125 0.0625 0.06666666666666667
19 0.53515625 0.7125 0.0625 0.06666666666666667
19 0.6015625 0.7125 0.0625 0.06666666666666667
19 0.66796875 0.7125 0.0625 0.06666666666666667
19 0.26953125 0.7833333333333333 0.0625 0.06666666666666667
19 0.3359375 0.7833333333333333 0.0625 0.06666666666666667
19 0.40234375 0.7833333333333333 0.0625 0.06666666666666667
19 0.46875 0.7833333333333333 0.0625 0.06666666666666667
19 0.53515625 0.7833333333333333 0.0625 0.06666666666666667
19 0.6015625 0.7833333333333333 0.0625 0.06666666666666667
19 0.66796875 0.7833333333333333 0.0625 0.06666666666666667
19 0.26953125 0.8541666666666666 0.0625 0.06666666666666667
19 0.3359375 0.8541666666666666 0.0625 0.06666666666666667
19 0.40234375 0.8541666666666666 0.0625 0.06666666666666667
19 0.46875 0.8541666666666666 0.0625 0.06666666666666667
19 0.53515625 0.8541666666666666 0.0625 0.06666666666666667
19 0.6015625 0.8541666666666666 0.0625 0.06666666666666667
19 0.66796875 0.8541666666666666 0.0625 0.06666666666666667
18 0.53515625 0.35833333333333334 0.0625 0.06666666666666667
18 0.6015625 0.35833333333333334 0.0625 0.06666666666666667
18 0.40234375 0.6416666666666667 0.0625 0.06666666666666667
18 0.46875 0.6416666666666667 0.0625 0.06666666666666667
18 0.66796875 0.6416666666666667 0.0625 0.06666666666666667
13 0.8671875 0.7833333333333333 0.0625 0.06666666666666667
13 0.93359375 0.7833333333333333 0.0625 0.06666666666666667
13 0.8671875 0.8541666666666666 0.0625 0.06666666666666667
13 0.93359375 0.8541666666666666 0.0625 0.06666666666666667
8 0.0703125 0.925 0.0625 0.06666666666666667
8 0.13671875 0.925 0.0625 0.06666666666666667
8 0.203125 0.925 0.0625 0.06666666666666667
8 0.26953125 0.925 0.0625 0.06666666666666667
8 0.3359375 0.925 0.0625 0.06666666666666667
8 0.40234375 0.925 0.0625 0.06666666666666667
8 0.46875 0.925 0.0625 0.06666666666666667
8 0.53515625 0.925 0.0625 0.06666666666666667
8 0.6015625 0.925 0.0625 0.06666666666666667
8 0.66796875 0.925 0.0625 0.06666666666666667
8 0.734375 0.925 0.0625 0.06666666666666667
8 0.80078125 0.925 0.0625 0.06666666666666667
8 0.8671875 0.925 0.0625 0.06666666666666667
8 0.93359375 0.925 0.0625 0.06666666666666667
1 0.7578125 0.6791666666666667 0.0625 0.13333333333333333
