19 0.08203125 0.35833333333333334 0.0625 0.06666666666666667
19 0.1484375 0.6416666666666667 0.0625 0.06666666666666667
19 0.546875 0.6416666666666667 0.0625 0.06666666666666667
19 0.61328125 0.6416666666666667 0.0625 0.06666666666666667
17 0.1484375 0.35833333333333334 0.0625 0.06666666666666667
16 0.9453125 0.6416666666666667 0.0625 0.06666666666666667
8 0.08203125 0.925 0.0625 0.06666666666666667
8 0.1484375 0.925 0.0625 0.06666666666666667
8 0.21484375 0.925 0.0625 0.06666666666666667
8 0.28125 0.925 0.0625 0.06666666666666667
8 0.34765625 0.925 0.0625 0.06666666666666667
8 0.4140625 0.925 0.0625 0.06666666666666667
8 0.48046875 0.925 0.0625 0.06666666666666667
8 0.546875 0.925 0.0625 0.06666666666666667
8 0.61328125 0.925 0.0625 0.06666666666666667
8 0.6796875 0.925 0.0625 0.06666666666666667
8 0.74609375 0.925 0.0625 0.06666666666666667
8 0.8125 0.925 0.0625 0.06666666666666667
8 0.87890625 0.925 0.0625 0.06666666666666667
8 0.9453125 0.925 0.0625 0.06666666666666667
1 0.41015625 0.8333333333333334 0.0625 0.13333333333333333
3 0.69140625 0.8666666666666667 0.075 0.08
