8 0.546875 0.35833333333333334 0.0625 0.06666666666666667
8 0.61328125 0.35833333333333334 0.0625 0.06666666666666667
8 0.48046875 0.42916666666666664 0.0625 0.06666666666666667
8 0.546875 0.42916666666666664 0.0625 0.06666666666666667
8 0.61328125 0.42916666666666664 0.0625 0.06666666666666667
8 0.4140625 0.5 0.0625 0.06666666666666667
8 0.48046875 0.5 0.0625 0.06666666666666667
8 0.546875 0.5 0.0625 0.06666666666666667
8 0.61328125 0.5 0.0625 0.06666666666666667
8 0.34765625 0.5708333333333333 0.0625 0.06666666666666667
8 0.4140625 0.5708333333333333 0.0625 0.06666666666666667
8 0.48046875 0.5708333333333333 0.0625 0.06666666666666667
8 0.546875 0.5708333333333333 0.0625 0.06666666666666667
8 0.61328125 0.5708333333333333 0.0625 0.06666666666666667
8 0.28125 0.6416666666666667 0.0625 0.06666666666666667
8 0.34765625 0.6416666666666667 0.0625 0.06666666666666667
8 0.4140625 0.6416666666666667 0.0625 0.06666666666666667
8 0.48046875 0.6416666666666667 0.0625 0.06666666666666667
8 0.546875 0.6416666666666667 0.0625 0.06666666666666667
8 0.61328125 0.6416666666666667 0.0625 0.06666666666666667
8 0.21484375 0.7125 0.0625 0.06666666666666667
8 0.28125 0.7125 0.0625 0.06666666666666667
8 0.34765625 0.7125 0.0625 0.06666666666666667
8 0.4140625 0.7125 0.0625 0.06666666666666667
8 0.48046875 0.7125 0.0625 0.06666666666666667
8 0.546875 0.7125 0.0625 0.06666666666666667
8 0.61328125 0.7125 0.0625 0.06666666666666667
8 0.1484375 0.7833333333333333 0.0625 0.06666666666666667
8 0.21484375 0.7833333333333333 0.0625 0.06666666666666667
8 0.28125 0.7833333333333333 0.0625 0.06666666666666667
8 0.34765625 0.7833333333333333 0.0625 0.06666666666666667
8 0.4140625 0.7833333333333333 0.0625 0.06666666666666667
8 0.48046875 0.7833333333333333 0.0625 0.06666666666666667
8 0.546875 0.7833333333333333 0.0625 0.06666666666666667
8 0.61328125 0.7833333333333333 0.0625 0.06666666666666667
8 0.08203125 0.8541666666666666 0.0625 0.06666666666666667
8 0.1484375 0.8541666666666666 0.0625 0.06666666666666667
8 0.21484375 0.8541666666666666 0.0625 0.06666666666666667
8 0.28125 0.8541666666666666 0.0625 0.06666666666666667
8 0.34765625 0.8541666666666666 0.0625 0.06666666666666667
8 0.4140625 0.8541666666666666 0.0625 0.06666666666666667
8 0.48046875 0.8541666666666666 0.0625 0.06666666666666667
8 0.546875 0.8541666666666666 0.0625 0.06666666666666667
8 0.61328125 0.8541666666666666 0.0625 0.06666666666666667
8 0.08203125 0.925 0.0625 0.06666666666666667
8 0.1484375 0.925 0.0625 0.06666666666666667
8 0.21484375 0.925 0.0625 0.06666666666666667
8 0.28125 0.925 0.0625 0.06666666666666667
8 0.34765625 0.925 0.0625 0.06666666666666667
8 0.4140625 0.925 0.0625 0.06666666666666667
8 0.48046875 0.925 0.0625 0.06666666666666667
8 0.546875 0.925 0.0625 0.06666666666666667
8 0.61328125 0.925 0.0625 0.06666666666666667
8 0.6796875 0.925 0.0625 0.06666666666666667
8 0.74609375 0.925 0.0625 0.06666666666666667
8 0.8125 0.925 0.0625 0.06666666666666667
8 0.87890625 0.925 0.0625 0.06666666666666667
8 0.9453125 0.925 0.0625 0.06666666666666667
1 0.4609375 0.23333333333333334 0.0625 0.13333333333333333
