8 0.0859375 0.925 0.0625 0.06666666666666667
8 0.15234375 0.925 0.0625 0.06666666666666667
8 0.21875 0.925 0.0625 0.06666666666666667
8 0.28515625 0.925 0.0625 0.06666666666666667
8 0.3515625 0.925 0.0625 0.06666666666666667
8 0.41796875 0.925 0.0625 0.06666666666666667
8 0.6171875 0.925 0.0625 0.06666666666666667
8 0.68359375 0.925 0.0625 0.06666666666666667
8 0.75 0.925 0.0625 0.06666666666666667
8 0.81640625 0.925 0.0625 0.06666666666666667
8 0.8828125 0.925 0.0625 0.06666666666666667
8 0.94921875 0.925 0.0625 0.06666666666666667
1 0.46484375 0.8333333333333334 0.0625 0.13333333333333333
