17 0.33203125 0.35833333333333334 0.0625 0.06666666666666667
17 0.1328125 0.6416666666666667 0.0625 0.06666666666666667
17 0.33203125 0.6416666666666667 0.0625 0.06666666666666667
16 0.53125 0.6416666666666667 0.0625 0.06666666666666667
19 0.9296875 0.6416666666666667 0.0625 0.06666666666666667
8 0.06640625 0.925 0.0625 0.06666666666666667
8 0.1328125 0.925 0.0625 0.06666666666666667
8 0.19921875 0.925 0.0625 0.06666666666666667
8 0.265625 0.925 0.0625 0.06666666666666667
8 0.33203125 0.925 0.0625 0.06666666666666667
8 0.3984375 0.925 0.0625 0.06666666666666667
8 0.46484375 0.925 0.0625 0.06666666666666667
8 0.53125 0.925 0.0625 0.06666666666666667
8 0.59765625 0.925 0.0625 0.06666666666666667
8 0.6640625 0.925 0.0625 0.06666666666666667
8 0.73046875 0.925 0.0625 0.06666666666666667
8 0.796875 0.925 0.0625 0.06666666666666667
8 0.86328125 0.925 0.0625 0.06666666666666667
8 0.9296875 0.925 0.0625 0.06666666666666667
1 0.37890625 0.4 0.0625 0.13333333333333333
3 0.33203125 0.8666666666666667 0.075 0.08
3 0.421875 0.8666666666666667 0.075 0.08
5 0.30859375 0.32083333333333336 0.0625 0.06666666666666667
