19 0.50390625 0.35833333333333334 0.0625 0.06666666666666667
19 0.5703125 0.35833333333333334 0.0625 0.06666666666666667
19 0.63671875 0.35833333333333334 0.0625 0.06666666666666667
19 0.3046875 0.6416666666666667 0.0625 0.06666666666666667
19 0.96875 0.6416666666666667 0.0625 0.06666666666666667
16 0.96875 0.35833333333333334 0.0625 0.06666666666666667
8 0.0390625 0.925 0.0625 0.06666666666666667
8 0.10546875 0.925 0.0625 0.06666666666666667
8 0.171875 0.925 0.0625 0.06666666666666667
8 0.23828125 0.925 0.0625 0.06666666666666667
8 0.3046875 0.925 0.0625 0.06666666666666667
8 0.37109375 0.925 0.0625 0.06666666666666667
8 0.4375 0.925 0.0625 0.06666666666666667
8 0.50390625 0.925 0.0625 0.06666666666666667
8 0.5703125 0.925 0.0625 0.06666666666666667
8 0.63671875 0.925 0.0625 0.06666666666666667
8 0.703125 0.925 0.0625 0.06666666666666667
8 0.76953125 0.925 0.0625 0.06666666666666667
8 0.8359375 0.925 0.0625 0.06666666666666667
8 0.90234375 0.925 0.0625 0.06666666666666667
8 0.96875 0.925 0.0625 0.06666666666666667
2 0.453125 0.7041666666666667 0.0625 0.13333333333333333
3 0.92578125 0.8666666666666667 0.075 0.08
3 0.6015625 0.8666666666666667 0.075 0.08
3 0.72265625 0.8041666666666667 0.075 0.08
