19 0.87109375 0.6416666666666667 0.0625 0.06666666666666667
16 0.9375 0.6416666666666667 0.0625 0.06666666666666667
8 0.07421875 0.925 0.0625 0.06666666666666667
8 0.140625 0.925 0.0625 0.06666666666666667
8 0.20703125 0.925 0.0625 0.06666666666666667
8 0.2734375 0.925 0.0625 0.06666666666666667
8 0.47265625 0.925 0.0625 0.06666666666666667
8 0.5390625 0.925 0.0625 0.06666666666666667
8 0.60546875 0.925 0.0625 0.06666666666666667
8 0.671875 0.925 0.0625 0.06666666666666667
8 0.73828125 0.925 0.0625 0.06666666666666667
8 0.8046875 0.925 0.0625 0.06666666666666667
8 0.87109375 0.925 0.0625 0.06666666666666667
8 0.9375 0.925 0.0625 0.06666666666666667
1 0.75 0.6666666666666666 0.0625 0.13333333333333333
3 0.8828125 0.6 0.075 0.08
