16 0.42578125 0.35833333333333334 0.0625 0.06666666666666667
16 0.4921875 0.6416666666666667 0.0625 0.06666666666666667
19 0.29296875 0.6416666666666667 0.0625 0.06666666666666667
19 0.42578125 0.6416666666666667 0.0625 0.06666666666666667
19 0.55859375 0.6416666666666667 0.0625 0.06666666666666667
17 0.359375 0.6416666666666667 0.0625 0.06666666666666667
9 0.82421875 0.7833333333333333 0.0625 0.06666666666666667
10 0.890625 0.7833333333333333 0.0625 0.06666666666666667
11 0.82421875 0.8541666666666666 0.0625 0.06666666666666667
12 0.890625 0.8541666666666666 0.0625 0.06666666666666667
8 0.09375 0.925 0.0625 0.06666666666666667
8 0.16015625 0.925 0.0625 0.06666666666666667
8 0.2265625 0.925 0.0625 0.06666666666666667
8 0.29296875 0.925 0.0625 0.06666666666666667
8 0.359375 0.925 0.0625 0.06666666666666667
8 0.42578125 0.925 0.0625 0.06666666666666667
8 0.4921875 0.925 0.0625 0.06666666666666667
8 0.55859375 0.925 0.0625 0.06666666666666667
8 0.625 0.925 0.0625 0.06666666666666667
8 0.69140625 0.925 0.0625 0.06666666666666667
8 0.7578125 0.925 0.0625 0.06666666666666667
8 0.82421875 0.925 0.0625 0.06666666666666667
8 0.890625 0.925 0.0625 0.06666666666666667
8 0.95703125 0.925 0.0625 0.06666666666666667
0 0.3984375 0.825 0.0625 0.06666666666666667
4 0.3359375 0.6208333333333333 0.0625 0.06666666666666667
