17 0.1796875 0.35833333333333334 0.0625 0.06666666666666667
17 0.11328125 0.6416666666666667 0.0625 0.06666666666666667
17 0.24609375 0.6416666666666667 0.0625 0.06666666666666667
19 0.046875 0.6416666666666667 0.0625 0.06666666666666667
19 0.1796875 0.6416666666666667 0.0625 0.06666666666666667
19 0.3125 0.6416666666666667 0.0625 0.06666666666666667
9 0.578125 0.7833333333333333 0.0625 0.06666666666666667
10 0.64453125 0.7833333333333333 0.0625 0.06666666666666667
11 0.578125 0.8541666666666666 0.0625 0.06666666666666667
12 0.64453125 0.8541666666666666 0.0625 0.06666666666666667
8 0.046875 0.925 0.0625 0.06666666666666667
8 0.11328125 0.925 0.0625 0.06666666666666667
8 0.1796875 0.925 0.0625 0.06666666666666667
8 0.24609375 0.925 0.0625 0.06666666666666667
8 0.3125 0.925 0.0625 0.06666666666666667
8 0.37890625 0.925 0.0625 0.06666666666666667
8 0.4453125 0.925 0.0625 0.06666666666666667
8 0.51171875 0.925 0.0625 0.06666666666666667
8 0.578125 0.925 0.0625 0.06666666666666667
8 0.64453125 0.925 0.0625 0.06666666666666667
8 0.7109375 0.925 0.0625 0.06666666666666667
8 0.77734375 0.925 0.0625 0.06666666666666667
8 0.84375 0.925 0.0625 0.06666666666666667
8 0.91015625 0.925 0.0625 0.06666666666666667
1 0.125 0.5666666666666667 0.0625 0.13333333333333333
