17 0.06640625 0.35833333333333334 0.0625 0.06666666666666667
17 0.06640625 0.6416666666666667 0.0625 0.06666666666666667
19 0.86328125 0.35833333333333334 0.0625 0.06666666666666667
19 0.9296875 0.35833333333333334 0.0625 0.06666666666666667
19 0.6640625 0.6416666666666667 0.0625 0.06666666666666667
16 0.265625 0.6416666666666667 0.0625 0.06666666666666667
8 0.06640625 0.925 0.0625 0.06666666666666667
8 0.1328125 0.925 0.0625 0.06666666666666667
8 0.19921875 0.925 0.0625 0.06666666666666667
8 0.265625 0.925 0.0625 0.06666666666666667
8 0.33203125 0.925 0.0625 0.06666666666666667
8 0.3984375 0.925 0.0625 0.06666666666666667
8 0.46484375 0.925 0.0625 0.06666666666666667
8 0.53125 0.925 0.0625 0.06666666666666667
8 0.59765625 0.925 0.0625 0.06666666666666667
8 0.6640625 0.925 0.0625 0.06666666666666667
8 0.73046875 0.925 0.0625 0.06666666666666667
8 0.796875 0.925 0.0625 0.06666666666666667
8 0.86328125 0.925 0.0625 0.06666666666666667
8 0.9296875 0.925 0.0625 0.06666666666666667
2 0.359375 0.8333333333333334 0.0625 0.13333333333333333
5 0.05859375 0.29583333333333334 0.0625 0.06666666666666667
