19 0.89453125 0.6416666666666667 0.0625 0.06666666666666667
16 0.9609375 0.6416666666666667 0.0625 0.06666666666666667
8 0.09765625 0.925 0.0625 0.06666666666666667
8 0.1640625 0.925 0.0625 0.06666666666666667
8 0.23046875 0.925 0.0625 0.06666666666666667
8 0.296875 0.925 0.0625 0.06666666666666667
8 0.49609375 0.925 0.0625 0.06666666666666667
8 0.5625 0.925 0.0625 0.06666666666666667
8 0.62890625 0.925 0.0625 0.06666666666666667
8 0.6953125 0.925 0.0625 0.06666666666666667
8 0.76171875 0.925 0.0625 0.06666666666666667
8 0.828125 0.925 0.0625 0.06666666666666667
8 0.89453125 0.925 0.0625 0.06666666666666667
8 0.9609375 0.925 0.0625 0.06666666666666667
0 0.45703125 0.6666666666666666 0.0625 0.06666666666666667
