19 0.15234375 0.6416666666666667 0.0625 0.06666666666666667
16 0.28515625 0.6416666666666667 0.0625 0.06666666666666667
9 0.8828125 0.7833333333333333 0.0625 0.06666666666666667
10 0.94921875 0.7833333333333333 0.0625 0.06666666666666667
11 0.8828125 0.8541666666666666 0.0625 0.06666666666666667
12 0.94921875 0.8541666666666666 0.0625 0.06666666666666667
8 0.0859375 0.925 0.0625 0.06666666666666667
8 0.15234375 0.925 0.0625 0.06666666666666667
8 0.21875 0.925 0.0625 0.06666666666666667
8 0.28515625 0.925 0.0625 0.06666666666666667
8 0.3515625 0.925 0.0625 0.06666666666666667
8 0.41796875 0.925 0.0625 0.06666666666666667
8 0.484375 0.925 0.0625 0.06666666666666667
8 0.55078125 0.925 0.0625 0.06666666666666667
8 0.6171875 0.925 0.0625 0.06666666666666667
8 0.68359375 0.925 0.0625 0.06666666666666667
8 0.75 0.925 0.0625 0.06666666666666667
8 0.81640625 0.925 0.0625 0.06666666666666667
8 0.8828125 0.925 0.0625 0.06666666666666667
8 0.94921875 0.925 0.0625 0.06666666666666667
2 0.37109375 0.8291666666666667 0.0625 0.13333333333333333
