8 0.71875 0.6416666666666667 0.0625 0.06666666666666667
8 0.78515625 0.6416666666666667 0.0625 0.06666666666666667
8 0.0546875 0.7125 0.0625 0.06666666666666667
8 0.65234375 0.7125 0.0625 0.06666666666666667
8 0.71875 0.7125 0.0625 0.06666666666666667
8 0.78515625 0.7125 0.0625 0.06666666666666667
8 0.0546875 0.7833333333333333 0.0625 0.06666666666666667
8 0.12109375 0.7833333333333333 0.0625 0.06666666666666667
8 0.5859375 0.7833333333333333 0.0625 0.06666666666666667
8 0.65234375 0.7833333333333333 0.0625 0.06666666666666667
8 0.71875 0.7833333333333333 0.0625 0.06666666666666667
8 0.78515625 0.7833333333333333 0.0625 0.06666666666666667
8 0.0546875 0.8541666666666666 0.0625 0.06666666666666667
8 0.12109375 0.8541666666666666 0.0625 0.06666666666666667
8 0.1875 0.8541666666666666 0.0625 0.06666666666666667
8 0.51953125 0.8541666666666666 0.0625 0.06666666666666667
8 0.5859375 0.8541666666666666 0.0625 0.06666666666666667
8 0.65234375 0.8541666666666666 0.0625 0.06666666666666667
8 0.71875 0.8541666666666666 0.0625 0.06666666666666667
8 0.78515625 0.8541666666666666 0.0625 0.06666666666666667
8 0.0546875 0.925 0.0625 0.06666666666666667
8 0.12109375 0.925 0.0625 0.06666666666666667
8 0.1875 0.925 0.0625 0.06666666666666667
8 0.25390625 0.925 0.0625 0.06666666666666667
8 0.3203125 0.925 0.0625 0.06666666666666667
8 0.38671875 0.925 0.0625 0.06666666666666667
8 0.453125 0.925 0.0625 0.06666666666666667
8 0.51953125 0.925 0.0625 0.06666666666666667
8 0.5859375 0.925 0.0625 0.06666666666666667
8 0.65234375 0.925 0.0625 0.06666666666666667
8 0.71875 0.925 0.0625 0.06666666666666667
8 0.78515625 0.925 0.0625 0.06666666666666667
0 0.4453125 0.8166666666666667 0.0625 0.06666666666666667
