14 0.5546875 0.14583333333333334 0.0625 0.06666666666666667
15 0.5546875 0.21666666666666667 0.0625 0.06666666666666667
15 0.5546875 0.2875 0.0625 0.06666666666666667
15 0.5546875 0.35833333333333334 0.0625 0.06666666666666667
15 0.5546875 0.42916666666666664 0.0625 0.06666666666666667
15 0.5546875 0.5 0.0625 0.06666666666666667
15 0.5546875 0.5708333333333333 0.0625 0.06666666666666667
15 0.5546875 0.6416666666666667 0.0625 0.06666666666666667
15 0.5546875 0.7125 0.0625 0.06666666666666667
15 0.5546875 0.7833333333333333 0.0625 0.06666666666666667
8 0.5546875 0.8541666666666666 0.0625 0.06666666666666667
8 0.08984375 0.925 0.0625 0.06666666666666667
8 0.15625 0.925 0.0625 0.06666666666666667
8 0.22265625 0.925 0.0625 0.06666666666666667
8 0.2890625 0.925 0.0625 0.06666666666666667
8 0.35546875 0.925 0.0625 0.06666666666666667
8 0.421875 0.925 0.0625 0.06666666666666667
8 0.48828125 0.925 0.0625 0.06666666666666667
8 0.5546875 0.925 0.0625 0.06666666666666667
8 0.62109375 0.925 0.0625 0.06666666666666667
8 0.6875 0.925 0.0625 0.06666666666666667
8 0.75390625 0.925 0.0625 0.06666666666666667
8 0.8203125 0.925 0.0625 0.06666666666666667
8 0.88671875 0.925 0.0625 0.06666666666666667
8 0.953125 0.925 0.0625 0.06666666666666667
1 0.453125 0.7 0.0625 0.13333333333333333
3 0.92578125 0.7 0.075 0.08
